3981.14 11124.3 495.353
3907.44 11166.1 500.884
3818.31 11212.3 495.738
3719.62 11247.1 479.802
3633.32 11265.8 457.58
3586.83 11254 448.529
3558.76 10539.3 459.658
4059.31 11064 495.167
-592.264 -587.812 445.437
3719.62 11247.1 479.802
3633.32 11265.8 457.58
3586.83 11254 448.529
3590.34 11208.1 453.925
3661.55 10971.3 487.466
3621.35 10847.1 451.624
3580.2 10700.6 456.145
3558.76 10539.3 459.658
3561.63 10360.4 445.062
3563.63 10165.2 436.478
3549.08 9949.66 458.606
3512.35 9745.85 440.244
3475.96 9551.05 448.663
3456.2 9356.57 457.122
3474.14 9161.13 429.248
3520.63 8530.95 404.323
3521.23 8311.27 426.725
3521.64 8101.72 450.178
3536.64 7912.26 428.139
3566.33 7695.89 435.141
3570.15 7498.47 454.379
3540.38 7284.6 412.088
3504.29 7075.67 412.516
3491.27 6862.85 431.461
3501.27 6658.11 411.538
3514.14 6467.33 395.179
3496.33 6263.77 401.631
3453.4 6043.94 391.946
3383.73 5850.15 369.341
3342.81 5644.25 414.349
51.2831 -1126.27 432.077
-28.3426 -1189.39 442.517
-109.686 -1223.94 451.963
-190.742 -1242.2 456.159
-255.536 -1250.66 455.656
-311.621 -1251.87 463.085
-346.286 -1226.39 473.456
-357.573 -1178.52 463.844
-323.206 -1057.19 441.403
-327.301 -979.515 443.079
-368.577 -894.415 424.027
-435.793 -789.291 404.362
-492.768 -711.684 417.233
-545.768 -640.648 438.756
3327.7 -12088.8 414.539
3327.69 -12290.5 410.903
3352.18 -12500.4 397.258
3368.99 -12701.4 420.832
3380.86 -12879.5 435.623
3362.9 -13072.7 387.404
3346.69 -13256.2 379.575
3351.88 -13445.6 406.419
3369.39 -13628.9 404.85
3406.88 -13833 393.133
3421 -14016.5 409.613
3409.6 -14213.3 401.795
3385.9 -14418.8 376.841
3375.35 -14589.2 424.555
3375.87 -14759.1 436.402
3400.24 -14915.1 416.17
3411.93 -15067.3 416.408
3410.73 -15208.4 429.092
3376.94 -15362 410.912
3345.95 -15525.3 387.688
3344.76 -15657.3 426.5
3358.51 -15762.7 449.094
3395.04 -15847.7 447.177
3426.71 -15934.6 440.802
3335.87 -11886.3 380.732
3351.16 -8111.71 426.354
3334.27 -8286.46 426.205
3343.58 -8510.56 399.677
3364.65 -8730.62 425.244
3370.52 -8911.23 441.771
3346.28 -9104.61 409.33
3322.18 -9343.06 419.317
3308.16 -9547.06 454.601
3318.02 -9763.12 436.414
3344.78 -9971.63 428.224
3358.54 -10168.9 442.947
3333.24 -10369.7 410.563
3295.4 -10605.2 392.049
3288.13 -10802.3 427.22
3304.38 -11012.3 418.111
3340.2 -11246.9 411.993
3360.95 -11447 430.256
3357.77 -11647.5 410.319
3366.21 -7896.82 398.801
3368.37 -7295.75 416.42
3391.37 -7509.66 432.283
3390.63 -7699.01 434.49
3286.06 -3317.03 409.076
3300.33 -3517.03 403.518
3306.19 -3713.64 416.693
3299.49 -3912.71 409.374
3283.62 -4129.06 411.473
3278.88 -4330.63 435.154
3292.73 -4524.58 417.867
3333.13 -4733.63 413.583
3363.14 -4939.81 443.979
3368.06 -5135.93 431.887
3345.42 -5366.24 388.817
3341.8 -5586.07 427.494
3344.92 -5799.79 433.525
3366.44 -6025.07 402.445
3387.71 -6240.21 427.424
3383.55 -6439.93 440.687
3349.55 -6662.11 412.096
3341.09 -6881.28 452.581
3344.74 -7089.12 456.537
3263.28 -2935.72 404.097
3260.79 -3117.59 417.886
3532.89 8753.62 448.932
3335.42 5455.44 424.797
3630.49 11148 471.63
3669.4 11072.4 492.809
3153.06 -16297.9 482.108
3100.67 -16360.3 477.998
3056.83 -16419.1 472.525
3036.9 -16485.4 461.42
3034.45 -16541.8 454.171
3044.88 -16585.5 453.433
3065.1 -16616 448.916
3221.21 -16232.2 481.847
3095.31 -16630 444.25
3281.89 -16580.4 447.05
3389.26 -16600.3 427.904
3520.9 -16620.9 440.831
3657.02 -16649.7 450.838
3802.01 -16665.2 437.847
3959.05 -16663.1 414.3
4290.14 -16661.8 423.621
4467.17 -16703.9 386.292
3298.69 -16172.6 481.335
4122.73 -16654.4 426.315
272.706 310.14 404.436
3974.93 11063.1 475.49
3911.95 11104.7 481.034
3834.13 11152.7 476.409
4106.42 10934.8 458.59
4042.55 11004.8 475.397
189.95 374.57 409.764
242.528 357.92 410.321
53.2537 371.093 417.579
122.289 365.363 411.16
281.487 255.586 399.866
3121.28 -328.698 449.325
3383.32 4361.76 412.061
4231.13 10827.4 429.083
4162.97 10884 435.208
-10.0162 340.347 415.669
3070.67 -354.952 450.41
3397.85 4169.37 445.491
287.702 203.17 401.025
292.843 147.842 393.822
319.602 77.1573 381.479
337.783 -33.6311 392.441
348.104 -135.33 400.98
339.811 -216.834 403.511
3327.27 -3363.91 392.194
3169.4 -324.995 435.597
3206.88 -329.85 425.014
3246.53 -341.828 424.614
3399.09 690.401 372.289
3341.66 -3564.53 388.774
3390.78 522.062 413.135
3390.03 -15570.6 373.948
3408.91 -7343.17 399.437
3344.63 -11060.2 401.774
3380.05 -11295.5 396.958
3356.35 -16193 460.376
3586.59 -192.437 440.104
-282.668 -1104.22 459.457
3440.39 -14963.2 400.052
3452.6 -15115.5 402.134
3452.23 -15255.3 413.005
3419.91 -15407.6 394.785
3384.9 -7135.98 437.241
3496.26 -16050.2 438.592
3302.56 -3164.39 402.196
3441.98 883.895 419.174
4162.97 10884 435.208
6753.29 10822.9 441.596
7420.48 10619.5 432.814
7281.59 10646.3 410.685
7140.5 10670.1 419.268
7010.44 10712.3 417.596
6885.49 10769.7 414.707
6610.56 10862 429.045
6470.58 10865.3 398.968
6325.14 10857 405.735
6157.25 10844.5 428.347
3974.93 11063.1 475.49
4042.55 11004.8 475.397
5997.27 10863.7 416.595
5854.73 10882.6 432.578
5704.84 10892.3 445.667
5548.71 10881.7 422.346
5387.01 10861 425.145
4231.13 10827.4 429.083
4106.42 10934.8 458.59
5217.34 10845.2 437.42
5060.81 10850.2 424.024
4916.06 10873.1 399.494
4768.21 10881.7 429.726
6803.73 10859.2 459.396
6659.39 10900.5 446.884
6519.01 10905.2 414.508
6373.93 10896.9 420.179
6206.12 10883.1 445.767
6046.55 10901.8 433.977
5904.51 10920.1 449.737
5753.64 10930.4 464.395
5597.54 10920.3 439.902
5436.3 10899.8 440.905
5266.66 10883.5 454.127
5109.82 10888.8 440.988
4964.87 10912.9 414.181
4815.72 10922.6 445.679
4681.98 10926.8 456.893
4560.26 10895.9 443.145
7335.38 10678.3 426.908
7194.31 10702.2 435.196
7063.62 10745.3 433.857
6938.03 10803.9 430.594
7335.38 10678.3 426.908
7063.62 10745.3 433.857
6938.03 10803.9 430.594
7194.31 10702.2 435.196
6803.73 10859.2 459.396
6659.39 10900.5 446.884
6046.55 10901.8 433.977
5904.51 10920.1 449.737
15145.8 10827.1 438.318
11487.8 11397.6 444.167
11358.6 11348.5 449.342
11232.6 11323.2 444.589
11113.1 11325.1 448.096
10998.2 11355.3 463.161
10936.1 11397.6 473.562
3746.26 11190.9 462.135
3661.39 10799.4 434.272
8899.28 11724.6 429.226
8905.5 11569.4 410.059
8913.22 11422.5 434.549
8762.34 11093.2 451.223
8818.75 11207.8 440.445
8766.73 11150.5 452.411
15209.4 10723.9 429.521
15223.5 10640.2 407.072
9067.65 12610 414.1
9034.74 12415.9 438.058
8976.5 12226.6 401.754
8941.15 12056.4 414.327
8917.62 11888.3 446.625
8889.25 11294.4 451.901
3701.62 10924.5 467.801
15121.5 10471.6 415.263
9211.22 13776.3 462.736
9181.78 13566.6 452.762
9132.31 13366.6 410.095
9104.61 13178.9 446.265
9081.65 12992.3 439.082
9078.84 12808.4 396.255
15179.9 10564.6 415.676
11074.9 11671.3 447.333
11079.7 11782.7 447.851
11106 11912.4 459.114
11158.6 12056.9 450.643
11285.4 12509.5 442.085
11282.1 12670 424.54
11301.7 12837.2 430.772
9387.52 15174.4 444.563
9371.68 14985 460.995
9333.45 14789.3 449.099
9274.29 14593.3 415.653
9240.3 14392.5 453.643
9220.98 14192.6 451.769
9219.33 13989.3 438.633
11212.8 12209.7 459.737
11258.2 12353.7 470.481
11063.5 11573.7 455.222
11331.1 12984.5 431.045
11378.3 13148 416.264
11422.7 13313.5 454.401
11465.4 13475.1 450.242
11470.9 13645 407.715
11464 13806.3 416.868
11464.4 13967.3 437.605
11508.3 14127.1 419.764
11561.7 14287.2 446.585
11609.7 14432.2 478.413
11624.1 14572.2 456.16
11610.6 14707.5 427.66
11613.4 14818 436.576
11633.9 14912.6 455.741
9776.69 16010.4 485.93
9702.66 16057.5 492.464
9565.4 16081 474.534
9564.9 16025.2 483.936
9580.35 16118.1 463.579
9563.72 16112.1 470.415
9535.26 15929.6 471.288
9492.56 15811 451.555
9449.01 15671.4 470.146
9404.09 15517.6 478.123
9382.96 15350.1 456.88
11006.6 11506.8 465.561
9846.08 15948.9 474.031
9636.22 16096.6 477.102
9917.35 15881.6 465.93
13909.2 11368.1 419.546
13779.7 11355.5 423.851
13654.7 11334.8 419.975
13545.3 11315.5 443.558
13466 11316.9 451.127
13410 11331.2 452.305
13353.6 11328.5 450.037
13297.6 11312.8 437.932
13224 11284.2 435.391
13142.5 11260.6 442.491
14050 11367.3 400.587
13039.2 11249.6 450.101
14196.3 11347.3 443.236
14500.4 11382.7 416.902
14346.9 11357.4 440.002
12924.1 11273 437.482
12804.8 11319.9 412.534
12269.2 11375 410.155
14656.2 11406 429.02
12678.6 11355.3 428.362
12556.7 11382.4 421.157
12415.8 11393.2 409.935
12137.4 11386.4 427.225
12011.6 11424.2 428.804
11813.2 11501 407.178
9008.37 10600.1 431.934
9020.76 10502.8 434.476
14821.6 11388.2 438.185
14984.7 11357 403.969
11716.1 11498.9 425.302
11908.8 11477.2 395.346
8985.82 10685.1 439.989
8952.73 10756.6 444.486
9012.87 10416.2 444.107
15073.2 10930.7 443.915
8915.15 10828.1 440.924
8141.53 10453.3 457.841
8057.29 10465.5 444.419
7974.77 10458.8 435.284
7871.19 10459.8 438.783
7759.1 10487.6 430.11
7669.45 10523.3 430.804
7555.87 10569.9 445.16
8508.71 10436.8 446.261
8394.65 10417.8 448.945
8292.07 10415 456.716
8218.86 10430.7 451.879
8982.6 10364 448.482
8909.7 10348.8 465.18
8822.11 10375 458.476
8729.85 10405.2 469.458
8618.7 10435.5 472.745
8864.55 10902.1 433.524
15133.9 11318.6 416.931
9830.27 15888.8 455.967
9771.56 15948.9 466.636
9708.56 15996.2 473.036
9652.1 16036.7 458.849
9605.06 16060.8 446.914
9594.5 16057.9 453.358
9599.47 16029 456.899
9599.16 15973.7 465.072
9569.99 15878.4 452.346
9526.82 15759 433.933
9482.97 15619.3 452.351
9439.12 15466.6 459.195
9418.57 15299.3 438.607
9422.72 15122.4 429.138
9406.9 14933.4 444.16
9369.43 14738.6 431.266
9311.11 14542.1 401.344
9277.75 14342.3 437.565
9258.59 14143 434.257
9257.1 13939.2 422.743
9248.86 13726.5 445.832
9219.16 13517 434.826
9169.33 13315.5 395.85
9140.75 13127.5 431.216
9117.39 12940.7 423.482
9113.79 12755.8 382.337
9101.52 12556.5 400.788
9068.59 12363 422.633
9010.1 12173.2 387.389
8972.93 12001.7 400.933
8948.17 11833.5 430.793
8928.63 11669.1 413.786
8933.26 11512.5 397.009
11418.2 11331 467.543
11286.2 11292.1 462.949
11157.3 11282.5 468.491
13779.7 11355.5 423.851
11032.3 11304.8 484.981
8936.9 11364.1 420.038
15738 11266.4 447.393
17355 11027.2 459.546
17323 10995.9 470.761
17287.8 10987.4 478.044
17264.7 10976 474.007
17257.1 10944.3 462.275
17223.5 10915.3 467.119
17170.1 10900.7 476.652
17082.6 10899.3 491.233
16988.2 10937.7 475.347
16889.4 10982.4 465.464
16639 11070.6 438.132
16503.9 11070 407.554
16774.8 11029.7 465.021
16352.6 11071.2 416.081
16196.4 11111.6 434.112
16044.6 11176.8 417.45
15892.3 11227.1 438.491
15581.3 11272.5 428.561
15439.4 11263.6 442.414
15335.5 11252.4 449.478
15447.5 11260.4 458.304
15825.4 11227.7 454.042
12055.4 15390.5 448.962
12017.2 15398 449.759
11550 11393.7 461.44
15153.6 10764.8 453.813
15068.9 10868.4 460.649
14992.7 10985.1 460.214
14946.6 11120.4 460.52
14948.8 11239.9 463.865
14984.3 11306.3 483.268
12070.3 15360.4 452.56
16674.3 11453.8 450.74
16791 11570.2 451.469
16548.8 11256.9 445.547
16583 11329 450.822
15949.9 11206 465.692
15027.3 11313.2 482.73
15079.7 11275.9 484.516
15149.3 11242.1 482.167
15231.9 11239.9 457.241
12053.7 15304.6 462.528
15283 11276.8 452.547
14656.2 11406 429.02
15121.5 10471.6 415.263
15090.1 10333.4 382.423
15223.5 10640.2 407.072
15209.4 10723.9 429.521
15133.9 11318.6 416.931
14984.7 11357 403.969
14821.6 11388.2 438.185
14500.4 11382.7 416.902
14346.9 11357.4 440.002
14196.3 11347.3 443.236
14050 11367.3 400.587
16516.3 11209.2 457.175
15084.2 10155.9 386.765
15179.9 10564.6 415.676
15145.8 10827.1 438.318
13909.2 11368.1 419.546
13779.7 11355.5 423.851
15087.4 9969.74 414.097
17356.5 11189.2 457.287
17371.5 11076.9 456.892
17375.2 11127.3 461.473
17274.1 11381.1 423.819
17316.5 11323.6 433.41
17338.8 11260.7 447.084
17356.5 11189.2 457.287
17375.2 11127.3 461.473
17371.5 11076.9 456.892
17355 11027.2 459.546
17323 10995.9 470.761
17287.8 10987.4 478.044
17264.7 10976 474.007
17257.1 10944.3 462.275
17223.5 10915.3 467.119
17170.1 10900.7 476.652
17082.6 10899.3 491.233
17201.1 11454.3 422.938
17129.5 11510.2 436.306
17064.5 11542.5 448.71
16795.9 11502.5 441.418
16850.8 11552.6 434.174
16904.3 11568.6 435.954
16957.9 11574.9 442.801
17008.5 11553.7 454.054
16607.6 11278.7 429.815
16643.5 11345 434.421
16684.3 11398 432.543
16736.8 11455.6 434.064
9439.12 15466.6 459.195
9418.57 15299.3 438.607
9422.72 15122.4 429.138
9406.9 14933.4 444.16
9369.43 14738.6 431.266
9311.11 14542.1 401.344
9277.75 14342.3 437.565
9258.59 14143 434.257
9257.1 13939.2 422.743
9248.86 13726.5 445.832
9219.16 13517 434.826
9169.33 13315.5 395.85
9140.75 13127.5 431.216
9117.39 12940.7 423.482
9113.79 12755.8 382.337
9101.52 12556.5 400.788
9068.59 12363 422.633
15199.4 10504.6 429.986
15242.2 10579.8 420.302
16573.3 11234.8 440.416
17274.1 11381.1 423.819
17316.5 11323.6 433.41
9605.06 16060.8 446.914
9594.5 16057.9 453.358
9599.47 16029 456.899
9599.16 15973.7 465.072
9569.99 15878.4 452.346
9482.97 15619.3 452.351
9526.82 15759 433.933
11361.1 12930.7 450.659
15068.9 10868.4 460.649
14980.9 11172 442.186
14994.2 11281.8 444.782
15034.7 11340.3 461.357
15080 11343.6 460.79
15131.9 11306.8 461.98
15200.2 11275.7 460.526
15282.3 11275.5 437.83
15385.8 11289.1 432.085
15497.7 11296.6 439.85
15623 11306.5 443.792
15750.4 11284.6 424.906
15878.1 11260.7 436.382
16002.4 11239.2 447.64
16131.9 11244.7 429.2
16256.5 11264.8 434.381
16373.2 11272.5 446.385
15012 11044.4 443.102
15789.9 11300.3 465.573
12114.7 15313.3 482.129
15073.2 10930.7 443.915
15184.9 11354.4 434.251
15036.3 11393.4 417.746
14871 11426.4 454.752
14703.7 11446.4 446.404
14096.4 11409.5 416.48
13459.2 11369.1 470.165
13403.8 11365.2 467.856
11949.5 15117.2 492.032
12012.6 15168.7 494.163
12071.8 15238.2 488.493
12129.3 15379.3 470.762
12112.3 15415.8 466.55
15633.2 11307 446
13955.7 11410.5 434.668
13513.7 11356.4 469.536
11893.6 15142.5 471.621
13348.9 11348.4 454.594
13275.5 11319.7 451.857
13193.9 11295.9 459.352
13090.8 11283.8 468.72
12976.4 11306 456.388
12858.3 11352.7 428.054
12732.1 11387.8 444.36
12610.3 11414.8 436.918
12470.2 11424.6 425.242
12325.1 11404.3 424.357
12193.8 11414.1 442.364
12068.1 11451 445.223
11966.7 11502.3 409.435
10493.7 15658.7 441.595
10364.5 15651.2 430.973
10251.9 15648.1 444.392
10163.1 15680.4 452.234
10087.6 15743.3 418.54
14547.7 11424 432.281
14393.7 11398.5 457.306
14242.3 11388.5 462.144
13826.1 11397.6 439.533
13701.3 11376.9 435.147
13592.1 11356.7 460.805
10779.5 15611.3 442.882
10636.3 15644.9 458.889
11396.4 15556.7 442.135
11237.2 15553.3 444.125
11081.3 15552.7 459.96
10933.4 15572.2 447.115
11872.4 11523 421.029
10004.5 15812 434.578
11841.6 15114.2 464.844
11681.4 15529.6 446.822
11549.1 15552 459.776
12072.7 15425.9 467.891
9771.56 15948.9 466.636
11813.4 15496.2 425.591
12009 15433.6 479.627
11920.4 15454.3 462.976
9708.56 15996.2 473.036
9652.1 16036.7 458.849
11892.8 15080.2 485.101
9917.35 15881.6 465.93
16464.9 11245.8 442.734
16573.3 11234.8 440.416
17370.5 11034.2 491.886
17337.5 11022.3 500.151
16607.6 11278.7 429.815
15333.9 11311.8 471.661
15945.1 11260.3 455.425
11104.1 -16414.1 433.109
9621.79 -16732.1 364.326
10941.7 -16731.7 415.917
10306.3 -16675.3 385.625
9256.15 -16717.4 399.257
9446.28 -16711.9 406.603
9798.78 -16742.7 372.791
9986.72 -16734.2 401.88
10157.6 -16712.9 395.086
10704.6 -16703.1 396.83
10808.2 -16743.4 414.101
8683.04 -16789 403.407
8877.15 -16784.5 407.29
9068.47 -16743.6 379.232
7232.4 -16717.6 391.121
7450.61 -16719.3 425.456
7653.66 -16710.4 412.696
7837.08 -16692.2 396.882
8037.78 -16690.9 412.816
8277.16 -16718.7 408.913
8484.16 -16772.6 371.12
10454.5 -16645.8 412.297
10593.2 -16656.9 417.292
10887.9 -16758.9 424.093
4653.75 -16725.9 417.944
4828.77 -16739.1 428.922
5031.21 -16726.1 403.457
5238.14 -16707.8 418.525
5432.9 -16704.3 433.417
5635.91 -16724.4 395.032
5843.71 -16745.5 393.537
6052.49 -16741.8 423.06
6485.42 -16700.6 383.083
6793.64 -16694.2 401.277
7003.38 -16694.7 392.056
6255.25 -16719.6 395.34
11055.8 -16480.9 430.486
11023.9 -16552.9 428.091
10993.6 -16623 430.211
14588.5 -19741.9 434.168
11398.2 -17939.5 468.422
14592.6 -19973.5 426.004
14616.6 -20199.6 396.299
11476.8 -17896.4 470.669
14642.3 -20630.5 422.106
14642.2 -20404.5 425.332
11276.5 -16320.9 441.394
11541.9 -17856.1 471.712
11590.9 -17807.9 463.503
14622.5 -20846.3 385.009
11217.6 -16336.8 436.582
14601.8 -21677.3 433.584
14580.3 -21491.8 403.523
14572.9 -21279.8 424.882
14589.1 -21051.2 423.9
14611.1 -19540.5 395.208
14613.1 -19341.3 425.778
14607.1 -19110.8 431.961
14581.5 -18891.6 400.473
14560.4 -18661.1 423.337
14566 -18416.8 434.889
11055.8 -16480.9 430.486
11104.1 -16414.1 433.109
11159.9 -16367.6 433.344
11331.1 -16335.5 456.968
11374.9 -16379.3 460.809
11439.4 -16833.4 404.001
11462.6 -16978.4 426.859
11476 -17133.6 431.581
11476.2 -17285.7 411.031
11486.9 -17430.7 432.604
11510.5 -17550.2 430.2
11570.4 -17654 412.094
11601 -17742.1 424.492
14590.7 -21894.1 448.151
14589.1 -18227.3 395.82
11023.9 -16552.9 428.091
11313 -18005.5 458.166
11257 -18303.2 417.091
11329.6 -18418.6 403.58
10454.5 -16645.8 412.297
10593.2 -16656.9 417.292
10704.6 -16703.1 396.83
10808.2 -16743.4 414.101
10887.9 -16758.9 424.093
11235.5 -18147.9 462.037
11211.9 -18238.9 450.553
11204.1 -18336.5 433.62
11220.4 -18422.1 424.147
11248.5 -18462.1 416.457
11286.3 -18464.1 418.809
11345 -18457.9 431.607
11428.5 -18479 423.249
11528.9 -18499.3 462.809
11622.9 -18519.1 482.937
11733.9 -18523.6 472.65
11853.2 -18511.6 450.602
11991.8 -18519.4 420.422
12129.8 -18530.7 417.865
12256 -18540.4 394.473
12535.4 -18558.3 424.792
12685.3 -18565.3 400.843
12393.8 -18544.4 424.357
11259.5 -18076.7 459.859
14692 -27367 454.507
14650.9 -27284.3 457.604
14657.2 -27170.7 439.954
14676.9 -27046.2 445.233
14691.9 -26900.9 450.721
14695.8 -26735.8 424.663
14668.4 -26556.2 412.948
14646.8 -26346.3 437.627
14638.4 -26137.4 443.808
14666.9 -25953.8 403.658
14673.1 -25555 424.86
14641 -25356.3 399.659
14677.8 -25764.2 435.307
14619.7 -25142.8 418.197
14619.5 -24926.4 417.99
14654.4 -24709.6 381.527
14676.2 -24490.6 427.489
14681.4 -24265.1 436.557
14650.3 -24062.9 406.295
14621.2 -23848.8 430.518
14606.2 -23619.2 439.513
14612.5 -23406.1 397.952
14541.4 -22320.6 426.411
14569.7 -22118.1 399.28
14590.7 -21894.1 448.151
14601.8 -21677.3 433.584
14580.3 -21491.8 403.523
14572.9 -21279.8 424.882
14589.1 -21051.2 423.9
14616.1 -22963.3 444.245
14584.3 -22760.2 409.883
14548.9 -22545.5 432.08
14619.1 -23188.3 439.886
14622.5 -20846.3 385.009
14642.3 -20630.5 422.106
2888.31 -32004.5 410.488
3751.66 -27362 395.313
3762.98 -27303.2 396.308
3804.91 -27266.4 399.981
2325.95 -31939.6 435.325
2477.14 -31953.2 417.773
3864.8 -27251.8 410.653
3961.94 -27251.6 413.364
4090.83 -27236 399.546
4254.06 -27203.8 392.185
1515.23 -32075.4 434.035
1521.04 -31980.5 432.557
1556.6 -31919.5 427.84
1613.7 -31893.7 430.735
4440.5 -27181.5 421.309
4635.46 -27162.2 432.649
4824.09 -27166.1 397.17
5395.04 -27071.5 369.342
5248.4 -27059.2 423.122
5109.18 -27065.4 438.457
5059.63 -27188 404.652
5298.66 -27195.3 430.513
5544.91 -27194.4 391.712
5713.05 -27131.6 406.015
5555.1 -27101.2 380.427
4476.44 -26948.1 448.245
6517.99 -27244.7 378.403
6760.64 -27239.1 390.537
7009.09 -27213.6 365.604
7252.38 -27194.5 399.293
7494.87 -27189.9 404.897
7657 -27099.4 414.268
7446.96 -27099.9 411.934
4368.86 -26883.4 436.798
5784.46 -27193 404.855
6025.8 -27200.8 400.02
6269.25 -27234.5 344.372
6677.13 -27080.5 349.138
6483.01 -27062.8 383.955
6260.83 -27070.6 413.255
6863 -27118.9 404.332
7049.65 -27128.5 419.559
7729.41 -27192.7 359.318
7970.6 -27179.2 389.347
8087.04 -27145.7 429.916
7870.07 -27107.4 379.51
11802.9 -26971.1 383.579
12024.6 -26978.8 335.967
12223.8 -26975.6 342.072
12449.8 -26954.7 394.239
12435.8 -26953.5 400.287
12210.8 -26967.4 418.633
10584.6 -27048.7 351.443
10833.9 -27053.6 354.613
11078.7 -27043.8 386.565
11276.7 -27034.7 404.785
11055.6 -27055 427.732
11330.7 -27010.8 359.433
11566.1 -26981.2 361.032
11710.5 -26991.9 425.726
11490 -27004.1 437.101
8215.41 -27168.1 409.243
8457.65 -27144 370.573
8692.75 -27121.5 391.622
8932.5 -27114.1 401.706
9183.4 -27100.5 370.624
8963.18 -27104.6 411.131
9167.76 -27133.6 351.096
9399.2 -27130.4 373.001
9636.24 -27114 403.57
9875.86 -27079.9 372.071
10108.6 -27046.3 381.599
10355 -27035.5 400.023
12685.3 -18565.3 400.843
12837.2 -18562.1 405.376
12985.3 -18566 416.825
13136.2 -18604 399.185
15263.2 -26349 431.287
15325.2 -26421.5 434.74
15383.4 -26498.6 434.635
15431 -26593.4 435.951
15452.3 -26686.9 438.173
4582.7 -27034.9 443.093
12672 -26925.3 376.302
12901.9 -26885.8 364.839
4282.57 -26849.3 420.826
13064.2 -26919.6 449.677
12855.8 -26910.8 443.941
3720.59 -27416.6 410.527
4181.51 -27028.1 443.968
4146.8 -27148.4 421.956
3964.91 -29009.6 402.606
3946.78 -28817.7 368.859
3934.4 -28642.6 379.007
3931.44 -28473.6 384.802
3957.05 -28304.4 343.668
3969.02 -28145.4 356.045
3964.87 -28007.1 382.579
3944.6 -27881.4 367.86
3908.06 -27771.8 362.491
3866.31 -27655.3 377.752
3967.75 -28695.1 427.091
4079.96 -27447.7 448.289
4056.18 -27599.5 458.368
4059.96 -27757 441.125
4072.38 -28104.6 440.281
3827.53 -27586.7 396.785
4353.29 -26823.5 455.534
4255.55 -26793 437.816
4196.48 -26817.5 437.692
4179.88 -26874.5 442.699
4107.14 -27297.3 413.319
4188.35 -26937.5 442.1
1515.23 -32075.4 434.035
1521.04 -31980.5 432.557
1556.6 -31919.5 427.84
1613.7 -31893.7 430.735
1755.05 -31921.5 430.151
1870.24 -31952.7 434.679
2009.76 -31961.3 411.9
2163.66 -31954.8 407.824
2325.95 -31939.6 435.325
2477.14 -31953.2 417.773
2617.6 -31985.2 370.445
3732.92 -31827 444.521
3159.3 -31949.9 370.936
3007.9 -31946.2 369.526
1560.98 -32193 424.021
1767.25 -32408.3 407.027
1649.55 -32307.3 411.762
2874.6 -31968.4 410.555
1677.17 -31893 425.219
3873.05 -31775.6 463.205
2757.89 -31994.5 401.077
4010.05 -31758.2 458.212
2009.01 -32528.5 409.807
1916.7 -32509.9 413.408
2109.44 -32517.8 412.264
2295.93 -32391.5 435.845
2209.46 -32466.4 424.617
2393.48 -32305.7 433.616
3408.89 -31987.3 407.141
3270.08 -32009.3 397.6
3113.58 -31993.3 356.613
2959.48 -31987.3 357.453
2824.29 -32006.4 396.113
2711.09 -32040.6 417.796
2604.94 -32122.8 421.158
1481.31 -32027.8 451.62
1509.54 -31959.2 447.655
3553.79 -31942 405.729
3836.01 -31824.4 442.53
3693.8 -31874.5 424.501
1486.79 -32130.3 452.896
4411.1 -31726.7 439.051
4394 -31781.8 447.072
4335.67 -31820.3 473.935
4238.99 -31816.2 463.664
4111.54 -31799.1 427.617
3974.33 -31808 437.589
1819.55 -31987.1 455.458
1960.23 -31997.8 431.76
2114.79 -31993.6 424.878
4285.64 -31428.1 412.36
4343.03 -31521.4 424.843
4389.12 -31635.7 433.787
4217.8 -31333.7 396.242
2569.7 -32026.1 385.021
2710.51 -32035.8 416.221
2843.31 -32047.9 426.905
2278.27 -31978.9 454.361
2430.14 -31993.3 436.896
4002.98 -29136.9 382.749
4012.46 -29342.6 388.013
4006.42 -29514.5 396.706
3979.13 -29700.2 361.955
3956.02 -29894.4 349.191
3962.75 -30069.3 387.104
3985.37 -30220.2 393.306
4037.1 -30368.5 381.153
4062.12 -30508.1 399.439
4064.47 -30638.7 417.974
4043.74 -30756.5 403.281
4012.8 -30871.7 373.977
4007.64 -30980.8 386.923
4022.61 -31077.1 410.136
4057.7 -31165.8 404.032
4138.58 -31250 395.185
4217.8 -31333.7 396.242
3846.77 -32346.4 435.867
3834.68 -32252.6 447.469
3854.74 -31995.4 435.576
3877.8 -31835.9 436.376
4410.68 -31577.8 452.784
2357.9 -32393.3 454.2
2269.41 -32482.7 442.463
2163.71 -32548.6 429.293
2054.07 -32571.8 426.604
3819.81 -32134.3 474.271
3888.71 -31486.7 428.949
3869.63 -31283.4 404.898
3923.5 -30456.1 415.863
3930.39 -30259.3 405.29
3914.38 -30050.1 381.652
2454.66 -32295.1 451.631
3888.15 -31670.5 446.617
3858.85 -31076.8 426.798
3870.5 -30869.9 414.227
3903.02 -30659.5 379.188
3911.43 -29849.4 399.242
3930.55 -29650 396.459
3992.96 -29247.9 420.436
3813.48 -32408.9 440.878
3745.89 -32440.3 437.352
3635.12 -32427.2 443.607
12808.9 -26951.2 425.168
12591.1 -26976.7 374.417
12386.5 -26992.9 386.244
12162.3 -27006.9 402.118
11928.5 -27010.9 376.282
11284.6 -27053.9 373.585
11519.4 -27024.3 373.193
11978.3 -27022.4 347.317
11660.8 -27029.4 408.59
13451.2 -27002.7 399.055
13235.5 -26979.8 387.783
13017.3 -26960.1 431.617
11440.6 -27041.6 418.875
11227.9 -27073.7 387.963
14222.6 -26951.2 436.005
14028.4 -26967.4 432.722
13835.6 -26993.2 408.321
13642.1 -27007 412.865
11007.4 -27094.9 411.453
10796.6 -27102.7 405.563
10787 -27096.8 365.354
10577.6 -27081.9 354.056
10537.9 -27091.5 364.71
10371.9 -27086.4 387.367
10169.6 -27096.9 395.348
9969.33 -27133.9 372.714
9764.46 -27167.6 386.442
9557.03 -27182.2 404.361
9349.71 -27163 363.159
9121.78 -27176.8 365.192
9352.71 -27173.4 386.03
9133.43 -27139.8 358.864
8913.08 -27143 396.993
8886.51 -27156.6 417.791
8689.26 -27167.5 393.173
8471.27 -27196.7 387.74
8251.16 -27193.5 416.774
8038.32 -27184.3 412.129
7820.94 -27147.2 365.825
7608.14 -27139.3 399.935
7398.58 -27139.9 396.337
7200.45 -27160.9 377.443
7000.5 -27167.9 405.042
6813.82 -27158.3 389.699
6627.19 -27120.1 338.115
6432.98 -27102.1 372.39
6211.39 -27109.7 398.759
6021.65 -27137 373.464
5840.9 -27162.7 377.736
5665.26 -27172.9 392.067
5497.6 -27234.6 409.868
5737.25 -27234.3 420.431
5979.32 -27242.7 416.363
6222.65 -27277.2 358.252
6470.91 -27287 391.589
6713.5 -27280.7 405.629
8168.1 -27208.9 425.916
7922.76 -27220.2 403.966
6961.99 -27255.2 381.035
7205.15 -27236 414.345
7448.34 -27231.5 421.734
7682.16 -27234.1 374.441
8410.74 -27185.6 386.337
5250.96 -27234.4 449.888
14589.9 -26955.9 441.5
15547.8 -26968.3 398.283
15425 -27040.7 401.019
15330 -26483.7 417.745
15377.4 -26560.7 417.527
15413.4 -26653.1 418.543
15423.3 -26741.9 420.316
19018.9 -26770 387.533
18714.1 -27015 391.626
15277.8 -26409.7 414.435
18797.2 -26796 396.462
18561.4 -26787.2 406.491
18330.7 -26752.7 375.381
18456.1 -27017.4 366.634
28752.9 -26586.2 398.792
28532.2 -26605.4 400.027
28270 -26606.3 418.931
28012.2 -26583.1 386.664
27769.2 -26566.3 405.687
27299.9 -26598.2 390.014
27875.9 -26756.6 426.937
23637 -26803.4 418.197
23427.2 -26806.7 432.603
23183.8 -26827.3 386.656
23182.9 -26853.2 344.492
27531.8 -26573 434.942
28116.7 -26739.8 386.206
47800.5 -26469.5 462.916
47660.9 -26393.8 458.714
47566.3 -26361.7 456.367
47190.5 -26378.3 449.439
47028.4 -26342.4 411.375
46857 -26314.3 407.028
46690.3 -26302.6 437.672
46519.6 -26303.3 432.942
46338.8 -26322.7 392.639
46343.1 -26393.2 390.474
42412.8 -26521.7 390.807
47775.8 -26475.7 457.973
42197.4 -26540.9 413.458
47729.6 -26446.3 458.275
41771.6 -26570.6 342.946
33334 -26517.7 419.662
38164.7 -26538.9 428.184
37947.6 -26535.9 425.854
37730.9 -26503.5 372.869
37517.4 -26480.2 396.925
37276.8 -26479.8 421.998
37277.5 -26596.8 337.268
33105.6 -26516.2 431.413
32884.3 -26540.7 394.141
32662.5 -26567.9 411.877
32512.8 -26712.1 371.082
32736 -26717.1 392.299
47450.4 -26372.6 444.294
37469.2 -26606.5 375.155
46153.3 -26341.6 408.048
37056.8 -26494.4 384.959
42032.2 -26586.3 360.075
14413.7 -26945.8 403.909
14222.6 -26951.2 436.005
13553.7 -26907.4 351.226
14018.3 -26860.8 403.466
37754.5 -26609.3 407.657
28346 -26716.5 385.451
23428.3 -26849.5 391.242
47438 -24857.1 409.597
47483 -25036.8 426.558
47354.9 -21080.5 384.42
47356.3 -21310 416.739
47321.9 -21542.8 387.047
47296.5 -21742 372.333
47310 -21967.5 427.93
47323.6 -22169 418.815
47355 -22373 391.302
47160.5 -13443.8 386.074
47164.6 -13670.5 440.508
47166.8 -13895 420.976
47187.2 -14152.4 393.247
47197.8 -14379 418.893
47249.2 -17087.4 399.008
47255.8 -17320 409.917
47242.1 -17524.5 366.358
47250.3 -17769.3 423.101
47261.4 -17996.3 440.871
47294.5 -18226.4 407.25
46700.3 2995.67 411.732
46686 2802.51 423.09
46671.9 2620.59 445.976
46665.9 2438.33 418.135
46682.9 2248.74 392.688
46687.7 2039.44 409.265
46657.3 1768.52 364.527
46754.7 -1060.84 364.281
46754 -1291.74 391.508
46764.8 -1495.07 423.302
46789.2 -1717.98 398.599
46835.2 -1927.83 406.452
46862.2 -2133.99 421.08
47047.5 -9490.56 400.768
46932.1 -5308.63 369.834
46934.5 -5550.63 429.069
46946 -5790.48 415.661
46965.2 -6016.95 412.942
46975.3 -6252.55 434.915
46965.1 -6497.72 405.189
47038.5 -9708.55 423.782
47055.1 -9922.93 399.267
47083.9 -10145.4 404.219
46722.6 -1088.96 395.874
46864 -2351.87 380.295
47508.9 -25203 448.391
47503 -25364.8 421.844
47477.6 -25510.3 392.006
47427.5 -26795.3 435.339
47443.6 -26739.2 427.231
46284.7 3205.14 411.265
46209.9 3272.71 422.182
46161.7 3335.78 434.916
46124.1 3415.02 428.799
46362 3155.27 412.916
46101.9 3495.31 426.949
46190.4 3656.78 427.994
46156.6 3612.58 433.062
46425.3 3111.85 413.651
46109.5 3567.64 431.995
46225 3715.27 424.416
46275.2 3787.98 427.035
46668.9 -22.9402 368.439
46643.2 168.107 381.621
46628.6 351.681 400.558
46634.9 547.019 386.65
46657.4 751.676 376.67
46655.1 932.107 396.701
46639 1116.3 389.161
46596.3 1308.01 369.183
46581.6 1481.37 383.692
46587.8 1643.11 384.001
46614.1 1815.41 353.529
46616 1981.59 375.905
46614.7 2128.89 408.454
46591.8 2292.19 405.717
46550.8 2440.42 393.201
46519.5 2578.96 415.02
46513.1 2695.29 439.202
46538 2800.58 415.81
46561.5 2890.45 412.674
46563.4 2960.89 421.849
46527.6 3023.17 412.516
46476.3 3070.98 409.411
46581.8 1221.38 449.583
46584.5 4015.65 453.288
46610.8 3758.89 471.17
46599.6 3634.15 471.846
46066.1 3444.25 444.164
46064 3525.28 449.832
46100.8 3357.18 445.904
46362 3155.27 412.916
46284.7 3205.14 411.265
46103.8 3579.61 450.664
47006.4 -26580.6 456.797
47103.3 -26672.9 452.231
47190.4 -26736.2 445.103
47229.4 -22410.6 380.81
47255.7 -22189.4 327.377
47259.2 -21963.4 374.044
47255.5 -21725.6 384.479
47226.9 -21499.8 356.147
47197.2 -21266.7 386.196
47092.3 -19462.2 364.666
47107.3 -19253.1 343.705
47096.7 -19022.8 388.339
47084.7 -18806.1 368.797
47051.7 -18582.3 354.99
47041.1 -18337.8 391.344
46954.8 -13329.2 404.737
46921.4 -13111.7 364.268
46889.2 -12886.2 390.767
47082.6 -16542.1 350.511
47093.1 -16285.3 392.06
47081.9 -16044.8 385.137
47045.8 -15855.8 367.328
47026.3 -15632.4 387.198
47022.8 -15404.6 370.786
47037.3 -15198.7 324.876
47183.7 -21019 405.508
47030.8 -14944.2 373.675
46873 -12646.5 392.458
46879.7 -12439.4 341.504
46877.3 -12198.4 380.259
46872 -11931.8 402.675
46667.5 -826.531 396.426
46732.9 -3831.8 355.019
46714.6 -3599.45 386.149
46711.9 -3374.99 396.282
46736.5 -3147.43 369.335
46753.1 -2929.57 413.904
46828.2 -10145.5 381.334
46841.2 -9907.79 367.616
46886.8 -9731.33 352.847
46904.8 -9482.99 388.169
46895.8 -9241.23 379.254
46856.5 -9066.27 353.265
46828.2 -8838.56 370.459
46807.9 -7063.2 349.544
46812.3 -6841.46 395.442
46805.1 -6608.98 373.725
46776.6 -6453.33 348.986
46760.2 -6250.59 371.485
46758.6 -5988.98 368.91
46679.9 -1042.04 383.448
46687.2 -624.225 362.731
46700 -407.315 403.253
46699.4 -216.884 412.495
46668.9 -22.9402 368.439
46643.2 168.107 381.621
46753.8 -4299.86 377.48
46752.3 -4051.26 381.319
46781.4 -7251.42 361.418
47060.4 -18096.4 373.636
46628.6 351.681 400.558
41819.2 -26528.3 331.758
42024.9 -26486.3 422.411
41816.8 -26458.6 397.867
41589.1 -26508.3 367.753
42658.4 -26448.6 421.01
41376 -26511.5 350.747
42079.2 -26543.1 350.09
42296.1 -26539.6 392.319
42521.3 -26518.8 353.448
42768 -26489.9 339.776
43067.4 -26429.5 412.617
42866.1 -26437.3 441.555
42460.1 -26479.5 403.656
42245.5 -26500 427.28
42998.4 -26465.3 369.73
40383.7 -26565.7 317.751
40648.9 -26570.2 349.913
40862.5 -26565.1 379.268
41108.8 -26536.8 339.153
43234.1 -26467.2 353.66
43455.8 -26467.9 362.007
43675.7 -26444 413.356
43907.3 -26409.6 377.935
44144.6 -26367.2 358.295
43283.7 -26443.6 413.434
44133.8 -26401.8 469.449
43918.6 -26423.4 444.477
43498 -26465.2 448.878
44372.8 -26344.8 380.036
44602.3 -26346.8 350.442
44844 -26363.5 336.442
45058.8 -26356.3 391.734
45287.2 -26342.1 369.573
45498.2 -26313.7 339.806
45701.7 -26297.5 371.007
45596.6 -26319.9 464.675
45379.5 -26325.2 497.622
40120.5 -26535.2 381.434
39867.9 -26533.2 369.835
39612 -26544.3 362.864
39346.2 -26551.6 395.923
47006.4 -26580.6 456.797
47103.3 -26672.9 452.231
47190.4 -26736.2 445.103
47264.1 -26771 435.027
47332.7 -26775.7 424.815
47311.6 -26432.6 416.535
47303.3 -26276.6 404.144
47296.3 -26104.9 433.631
47296.8 -25930.6 437.316
47284.2 -25740.1 407.657
47263.2 -25535.3 393.83
47253.1 -25329.5 411.168
47269.7 -25116.3 385.251
47333.9 -26550.2 411.385
47298.3 -24671 405.614
47294.1 -24459.2 396.42
47265.7 -24229.6 384.179
47253 -23994.9 414.672
47294.9 -24887.4 362.181
47254.7 -23763.6 413.133
47271.8 -23561.4 363.511
20528.1 -26893.2 360.71
20742.3 -26891 391.124
20982.8 -26874.3 376.351
21185.4 -26833.4 349.705
21098.3 -26725.7 384.411
21419.7 -26809.8 381.531
21676.1 -26810.7 381.947
21852.6 -26843.8 338.976
22280.6 -26766.7 416.381
23474.4 -26805.9 378.955
23698.9 -26791.6 408.646
23870.2 -26765.9 366.465
24062.9 -26745 379.613
15330 -26483.7 417.745
21347.6 -26768.4 423.306
22024.8 -26760.7 433.685
24327.5 -26738.5 379.21
24549.1 -26755.8 332.948
28832.3 -26670.9 325.822
29069.8 -26669.3 353.041
29342.1 -26651.3 395.25
29580 -26629.1 363.087
29498.2 -26558.1 388.856
29279.9 -26533.5 410.635
26134.7 -26704.7 347.237
26456.9 -26699 384.422
26695.5 -26684.6 350.606
26875.3 -26591.5 415.509
26631.3 -26590 374.158
26877.8 -26663.9 359.649
27202.9 -26660.3 381.736
27445.4 -26690.2 339.755
28057.8 -26539.6 401.066
27814.2 -26521.8 419.302
27575.8 -26528.4 450.71
21570.4 -26787.2 421.98
20864.8 -26703.9 425.913
23682.9 -26759.9 431.753
22108.1 -26852.1 397.683
29754.7 -26588.1 436.012
29023.2 -26525.3 444.852
27135.8 -26578.8 407.678
26396.9 -26606.2 441.037
24769.5 -26763.5 372.018
25036.8 -26754.8 392.021
25158.8 -26718.5 387.008
24855.4 -26729.7 440.954
22516.6 -26791 377.517
29799.4 -26614.2 365.304
30067.6 -26624 380.821
30403.9 -26518.6 455.65
30658.9 -26529.7 420.134
39612 -26544.3 362.864
39867.9 -26533.2 369.835
40120.5 -26535.2 381.434
40480.8 -26509.8 423.186
40269.4 -26495.1 426.471
40038.5 -26491 447.248
36831.8 -26552.5 375.463
37077.4 -26542.2 376.391
37779.9 -26463.6 386.52
37565.8 -26439.3 409.76
37324.4 -26438.8 437.39
37326.8 -26556.2 326.822
37518.5 -26566 364.778
37802.9 -26568.6 393.975
38024.2 -26552.2 359.452
38297.1 -26532.6 366.864
38658.1 -26456.9 469.208
38424.4 -26476.3 435.753
31454.7 -26659.6 373.513
31689.4 -26685.1 342.348
31883.9 -26702.1 333.518
32138.1 -26690.1 390.498
32468.6 -26525 434.708
32260.4 -26494.5 376.83
32033.2 -26478.4 424.997
32352.8 -26686.8 369.604
32560.9 -26670.5 359.845
32783.4 -26674.8 380.59
33380.5 -26475.2 434.383
33151.6 -26473.8 447.732
34106.5 -26660.1 391.081
34339 -26657.7 392.31
34563.3 -26678.6 341.286
34801.2 -26676.3 389.197
35371 -26504.3 436.282
35145.4 -26486.5 410.468
34948.9 -26458.4 386.626
34718.9 -26456.4 437.922
35028.2 -26667.3 400.261
35222.3 -26630.4 369.341
35454.2 -26608.3 395.196
35666.8 -26602.4 394.47
36023.1 -26430.6 439.347
35804.9 -26459.2 421.503
32709.9 -26526.2 425.864
31781.8 -26479 458.918
39110.1 -26551.6 349.728
39346.2 -26551.6 395.923
40383.7 -26565.7 317.751
40648.9 -26570.2 349.913
41108.8 -26536.8 339.153
36599.1 -26568.2 365.754
40862.5 -26565.1 379.268
33007.1 -26690.4 358.788
32930.6 -26498.3 409.472
35893.9 -26613.7 334.324
33861.6 -26677.2 355.126
41145.9 -26488 437.372
15377.4 -26560.7 417.527
30164.9 -26543.3 422.043
27344.1 -26553.4 404.796
25902.4 -26688.1 326.593
30329.8 -26648.7 345.976
36237.8 -26425.6 405.126
41595.3 -26448.4 445.761
41381.4 -26451.4 449.739
40915.5 -26515.3 484.981
15035.1 -23917.3 379.365
15045.3 -24121.7 409.539
15007.3 -23694.9 372.626
15037.8 -24323.3 380.74
14983.8 -23479.4 400.437
15021.7 -24527.4 364.308
15028.6 -24722.9 402.914
15049.6 -24916.9 389.211
15087.2 -25119.3 387.453
15097.3 -25296.7 410.926
14980.5 -23265.4 380.823
12024.6 -26978.8 335.967
12223.8 -26975.6 342.072
12449.8 -26954.7 394.239
12672 -26925.3 376.302
12901.9 -26885.8 364.839
13129 -26858.9 395.674
13355.1 -26857.6 367.736
13600.8 -26864.3 341.071
13832.7 -26847.2 397.334
14066.3 -26820.4 387.821
14311.9 -26793.5 384.594
14523.6 -26787.6 408.99
14760 -26795 372.489
14992.1 -26822 362.407
15224.2 -26832.2 400.218
15448.1 -26845 375.554
15672.4 -26844.5 370.69
15931.5 -26856.2 410.777
16170.1 -26872.4 390.641
16380.6 -26905.1 352.396
17087.3 -26777.5 368.018
17509.1 -26759.6 400.756
17302.1 -26772.4 411.832
16607.2 -26920.7 391.855
16844.9 -26920.3 377.03
17074.6 -26891.9 352.591
17725.1 -26725.6 402.549
16884.1 -26800.5 395.488
17939.7 -26696.4 449.273
17315.4 -26875.2 386.016
18145.5 -26694.7 426.953
17547.2 -26892 370.651
18844 -26753 408.666
18607.8 -26744.2 420.265
18376.4 -26709 388.941
16683.5 -26817.8 423.439
19064.3 -26726.3 402.136
19281.8 -26694.4 438.14
17764.7 -26939.5 355.462
18018.2 -26968.4 406.13
18272.8 -26979.1 391.047
18501.4 -26973.1 353.936
18759.5 -26970.5 379.547
18997.3 -26970 372.148
19225 -26970.5 389.29
19461.7 -26961.4 424.62
19680.2 -26939 396.754
19868.7 -26901.6 395.115
20113.2 -26881.8 424.761
20403.3 -26711.8 397.021
20184.2 -26726.5 399.328
19956.7 -26718 395.209
19722.7 -26689.9 365.622
20645.9 -26695.2 440
19487.9 -26685.9 414.664
20349 -26882.1 406.983
11520.4 -17177.1 413.726
11520.7 -17329.9 395.046
11531.6 -17474.1 415.581
11555.4 -17593.6 413.522
11614.6 -17698.6 396.786
11645.6 -17786 408.106
14925.7 -21260.7 418.731
14841.6 -18203.2 433.695
14632.4 -17812.1 467.667
14605.8 -17570.5 422.069
14580.8 -17349.8 431.251
11637.5 -17847.6 442.573
14495.2 -10702.2 442.659
14499.4 -10470.8 457
14515.5 -10245.4 410.812
14514.7 -10025 462.351
14497.3 -9806.76 461.514
14448 -9584.81 434.391
14429.1 -9129.86 466.175
14741.5 -18223.8 438.042
14506.8 -18340.7 406.625
14629.9 -18264.8 425.899
14566.6 -14697.4 422.115
14568.3 -14416.2 453.723
14587.3 -14176 416.505
14601.2 -13949.3 438.438
14601.6 -13712.4 450.474
14581.9 -13494.2 413.361
14412.8 -18417.9 393.821
14546.3 1433.91 395.227
14552.3 1667.84 436.098
14553.7 1876.13 461.429
14541.5 2087.3 422.489
14536.5 2311.81 421.237
14552.1 2527.26 434.254
14609.1 -6364.43 419.453
14633.7 -6157.43 453.745
14644.6 -5950.99 459.023
14531.5 -2643.82 441.964
14559.4 -2444.65 424.557
14565.7 -2214.14 460.937
14556.5 -1998.62 443.934
14536.7 -1798.28 427.781
14527.6 -1575.74 459.625
14632.7 -5744.26 416.62
14775.3 6255.66 408.344
14781.3 6464.79 425.426
11484.2 -16878.1 390.745
11507.4 -17022.4 411.177
14931.1 -21464.1 421.882
14903.4 -21714.1 375.064
14897.6 -21934.8 405.501
14423.9 -9341.86 474.672
14548 -13286.7 436.19
14575.4 -17118.5 455.028
14606.4 -18463.9 452.784
14630.3 -18274.3 412.315
14639.2 -18047.1 448.461
14536.3 -13043 464.289
14813.1 6676.09 420.942
14855.5 6892.22 372.759
14874.7 7110.97 411.503
14886.9 7547.13 418.665
14885.4 7765.68 424.92
15007.9 8382 384.215
14885.7 7329.72 446.093
14905.4 7984.32 454.867
14956 8186.63 427.572
15024.6 8566.15 422.218
15031.1 8768.28 419.748
15020.7 8965.23 396.95
15109.7 9535.87 367.28
15023.7 9148.34 413.71
15054.4 9337.04 414.381
15115.7 9731.35 409.001
15115.4 9913.19 428.219
15108.6 10097.6 400.283
14781.3 6464.79 425.426
14774.3 6725.87 406.965
14816.4 6942.3 360.756
14836.4 7161.57 399.3
14848 7379.88 430.485
14848.9 7597.07 402.937
14847.4 7816.22 411.32
14866.8 8033.67 438.868
14916.4 8235.12 411.368
14968.5 8432.2 373.651
14993 8818.51 405.319
14983.9 9016.81 384.008
14985.8 8616.32 409.617
14988 9200.79 401.204
15019 9389.35 400.455
15075 9589.16 355.641
15083.7 9786.17 396.649
15087.4 9969.74 414.097
15084.2 10155.9 386.765
15090.1 10333.4 382.423
14540.2 -17301.8 416.2
14535.1 -17071.1 437.465
14559.7 -16843.5 404.054
14578.2 -16623.1 429.381
14578.9 -16401.1 453.622
14565.4 -16184.2 416.877
14531.6 -15960.6 418.424
14517.3 -15729.4 441.324
14558.7 -13666.8 434.565
14538.8 -13448.3 398.548
14505.8 -13239.8 421.822
14495 -12996.3 447.015
14519.1 -12779.5 404.457
14537.2 -12577 435.697
14523.4 -12169.2 398.901
14562.2 -7161.85 445.665
14541.8 -6960.3 410.688
14526.4 -6752.67 425.54
14472.4 -10199.6 396.09
14471.6 -9979.46 446.434
14454.7 -9761.4 444.066
14406 -9538.37 418.198
14382.3 -9295.44 457.477
14387.6 -9083.79 447.939
14543 -12368.9 447.374
14529.9 -6530.04 439.298
14566.9 -6317.86 404.153
14591.3 -6110.92 438.828
14601.8 -5905.32 442.65
14588.8 -5699.19 401.756
14619.7 5468.47 430.951
14720.9 5904.22 434.14
14740.9 6099.01 426.46
14511.7 2575.49 419.225
14542.1 2771.02 386.248
14567.7 2990.09 408.059
14576.8 3224.81 441.216
14574.1 3455.85 403.954
14550.9 3685.41 400.007
14548 3912.79 422.33
14498.7 -3726.16 467.506
14508 -3496.83 511.293
14507.4 -3268.98 448.921
14484.4 -3055.42 429.828
14475.3 -2823.27 446.661
14488.9 -2598.45 424.428
14478.1 -265.349 434.373
14483.3 -50.9349 429.123
14522.9 185.657 375.842
14530.5 398.943 421.95
14523.8 622.254 439.583
14497.8 834.602 404.602
14476.7 1046.65 416.885
14559.8 5035.26 409.909
14576.6 5248.65 447.212
14688.5 5685.02 389.484
14735.9 6304.88 393.972
14742.8 6515.05 412.12
14774.3 6725.87 406.965
14816.4 6942.3 360.756
14496.4 2360.58 407.352
14566.5 4140.35 384.117
14489.5 -470.511 416.72
14836.4 7161.57 399.3
14540.8 -15516.6 404.521
14848 7379.88 430.485
11442.9 -16472 446.575
11432.1 -16541.7 442.005
11591.9 -17890.9 449.842
11430.9 -16637.6 421.686
11531.6 -17474.1 415.581
11422.9 -16417.5 440.156
11454.8 -16745.4 382.369
11484.2 -16878.1 390.745
11507.4 -17022.4 411.177
11520.4 -17177.1 413.726
11332.8 -16347 423.308
11383.8 -16367.3 437.071
11117.2 -16470 413.459
11166.4 -16413.4 415.822
11221.5 -16377.1 416.04
11277 -16355.5 418.951
11520.7 -17329.9 395.046
11555.4 -17593.6 413.522
11614.6 -17698.6 396.786
11645.6 -17786 408.106
11637.5 -17847.6 442.573
11455.5 -17961.1 447.778
11373.8 -18016.3 439
11321.2 -18076.1 440.76
11296.2 -18136.1 443.084
11269.5 -18215.7 432.527
11257 -18303.2 417.091
10858 -16704.9 399.172
12178.2 -18490.6 402.742
11159.9 -16367.6 433.344
11901.3 -18471.6 434.448
11474.3 -18436.5 406.59
8530.28 -16728.9 359.023
8728.24 -16744.7 390.372
8921.34 -16739.7 392.466
9113.1 -16699 365.109
9491.15 -16667.7 391.997
9667.29 -16688.1 351.355
11104.1 -16414.1 433.109
4699.18 -16682.1 403.693
4873.99 -16695.6 413.049
5076.31 -16682.6 387.424
5681.09 -16680.7 379.949
5889.43 -16701.8 380.325
5283.51 -16664.5 402.983
6098 -16698.4 408.055
6300.81 -16676.2 380.371
6531.67 -16657.2 370.426
6839.8 -16650.8 388.328
7049.51 -16651.8 377.486
7279.04 -16674.7 378.057
7497.45 -16677.2 410.715
7700.56 -16668.7 397.111
7884.63 -16650.5 383.658
8085.07 -16648.9 399.305
12040.1 -18478.8 406.215
11027.5 -16649.1 409.445
9301.33 -16673.2 385.593
9845.43 -16699.4 361.47
10033.4 -16691.5 388.402
10204.6 -16670.9 380.846
10355 -16634.7 372.727
10504.5 -16607.4 397.842
10643.8 -16619.9 401.254
10755.2 -16665.4 382.738
10992.1 -16693.7 401.805
11048.9 -16593.9 413.726
11082.8 -16531.9 411.494
10936.8 -16719.4 409.062
5477.83 -16660.8 416.979
8323.17 -16675.9 393.758
3421.48 1310.68 421.737
3327.7 -12088.8 414.539
3382.65 -16123.4 493.503
3065.1 -16616 448.916
3375.87 -14759.1 436.402
3036.9 -16485.4 461.42
3056.83 -16419.1 472.525
3044.88 -16585.5 453.433
3034.45 -16541.8 454.171
3369.39 -13628.9 404.85
3375.35 -14589.2 424.555
3341.09 -6881.28 452.581
3334.27 -8286.46 426.205
3346.69 -13256.2 379.575
3288.13 -10802.3 427.22
3308.16 -9547.06 454.601
3327.69 -12290.5 410.903
3327.7 -12088.8 414.539
3056.83 -16419.1 472.525
4467.17 -16703.9 386.292
3414.97 -14638.1 409.471
4122.73 -16654.4 426.315
3437.79 -16069.3 478.201
4290.14 -16661.8 423.621
3802.01 -16665.2 437.847
3100.67 -16360.3 477.998
3153.06 -16297.9 482.108
3657.02 -16649.7 450.838
3423.36 -6487.56 422.606
3370.52 -8911.23 441.771
3430.92 -7746.65 417.546
3404.41 -8779.29 410.033
3368.99 -12701.4 420.832
3357.77 -11647.5 410.319
3358.54 -10168.9 442.947
3398.66 -10216.9 426.485
3380.86 -12879.5 435.623
3396.51 -11696.7 394.217
3421 -14016.5 409.613
3382.65 -16123.4 493.503
3095.31 -16630 444.25
3153.06 -16297.9 482.108
3387.71 -6240.21 427.424
3383.55 -6439.93 440.687
3390.63 -7699.01 434.49
3344.92 -5799.79 433.525
3351.16 -8111.71 426.354
3364.65 -8730.62 425.244
3318.02 -9763.12 436.414
3532.89 8753.62 448.932
3609.6 7449.86 438.207
3570.15 7498.47 454.379
3389.42 2968.8 464.467
3442.7 3601.06 463.788
3393.82 5028.91 446.448
3342.81 5644.25 414.349
3492.96 5994.36 379.389
3481.17 3552.2 446.089
3437.41 4983.66 431.152
3278.88 -4330.63 435.154
3263.28 -2935.72 404.097
3292.73 -4524.58 417.867
3328.34 -2558.33 434.204
3263.13 -1799.72 443.53
3429.03 1109.82 449.897
2335.21 -656.742 448.387
2887.26 -444.297 463.532
2694.62 -721.539 438.059
3381.98 1710 432.267
3067.21 -300.052 470.245
3414.5 2109.88 440.303
3237.32 -730.616 474.027
3720.27 -734.514 482.467
3522.65 -84.7511 454.11
3471.14 2278.3 453.533
3624.75 -204.466 456.724
3363.14 -4939.81 443.979
3369.43 -2605 416.481
3340.61 -3959.72 392.613
3467.53 1060.17 434.604
3736.83 -686.369 483.508
3712.89 -416.015 458.685
3329.6 -2345.77 428.539
3299.49 -3912.71 409.374
7420.48 10619.5 432.814
7194.31 10702.2 435.196
6803.73 10859.2 459.396
6659.39 10900.5 446.884
6803.73 10859.2 459.396
3626.98 11205.5 433.948
6519.01 10905.2 414.508
6373.93 10896.9 420.179
3586.83 11254 448.529
-160.195 215.844 457.266
-689.642 -30.8724 443.039
3586.83 11254 448.529
-136.435 -1271.22 475.893
-302.007 -1268.16 495.26
-346.286 -1226.39 473.456
-7.62284 382.987 435.843
-72.2929 342.469 432.935
-120.168 281.218 447.978
-816.953 -120.547 464.061
-833.639 -186.301 451.644
-747.18 -39.4409 447.688
-789.936 -84.1515 466.5
3383.73 5850.15 369.341
3475.96 9551.05 448.663
3456.2 9356.57 457.122
3521.64 8101.72 450.178
3540.38 7284.6 412.088
3491.27 6862.85 431.461
3335.42 5455.44 424.797
3351.55 4615.92 391.821
3281.28 -499.054 463.432
3295.4 -10605.2 392.049
3349.55 -6662.11 412.096
3341.8 -5586.07 427.494
-7.62284 382.987 435.843
-51.1799 -1243.4 471.438
-763.587 -495.857 444.13
-571.23 -646.286 463.31
192.994 395.848 427.318
673.153 -804.586 460.943
306.635 -88.3475 416.915
33.0568 -1197.69 461.02
-265.012 -1291.79 483.463
135.725 405.476 426.658
-116.631 -732.53 455.382
-192.276 155.956 457.221
-176.553 -750.577 454.878
-317.317 -94.9536 454.833
63.7687 386.734 428.47
3355.12 4214.78 462.61
3589.62 9902.23 441.65
3549.08 9949.66 458.606
3388.17 4014.37 449.064
1594.61 -839.234 432.964
1438.45 -843.016 426.9
2176.42 -662.599 438.223
1705.46 -746.956 425.098
1225.2 -715.186 431.194
4681.98 10926.8 456.893
5266.66 10883.5 454.127
5109.82 10888.8 440.988
4815.72 10922.6 445.679
5753.64 10930.4 464.395
6206.12 10883.1 445.767
5904.51 10920.1 449.737
4132.84 10991 476.444
4449.24 10850.7 437.861
4195.88 10937.3 450.995
4964.87 10912.9 414.181
3633.32 11265.8 457.58
3590.34 11208.1 453.925
3504.29 7075.67 412.516
3558.76 10539.3 459.658
3974.93 11063.1 475.49
3511.04 8960.68 431.567
4350.93 10844.3 443.879
4059.31 11064 495.167
3719.62 11247.1 479.802
3818.31 11212.3 495.738
3907.44 11166.1 500.884
3669.4 11072.4 492.809
3661.55 10971.3 487.466
3580.2 10700.6 456.145
3720.27 -734.514 482.467
3356.35 -16193 460.376
3633.32 11265.8 457.58
53.2537 371.093 417.579
3981.14 11124.3 495.353
11853.2 -18511.6 450.602
46639.4 3845.16 468.625
46066.1 3444.25 444.164
46639.4 3845.16 468.625
46295.6 3143.22 426.379
15115.4 9913.19 428.219
15087.4 9969.74 414.097
15054.4 9337.04 414.381
14988 9200.79 401.204
11331.1 -16335.5 456.968
8037.78 -16690.9 412.816
46694.3 3862.16 442.544
46674.3 3212.96 458.533
46425.3 3111.85 413.651
46519.5 2578.96 415.02
46595.9 1437.19 439.923
14956 8186.63 427.572
14916.4 8235.12 411.368
12886.2 -18522.3 391.163
11399.5 -16429.1 467.913
9446.28 -16711.9 406.603
10157.6 -16712.9 395.086
10887.9 -16758.9 424.093
11486.9 -17430.7 432.604
11313 -18005.5 458.166
7450.61 -16719.3 425.456
8683.04 -16789 403.407
13554 -18648 414.571
14351 -18431.5 407.209
13136.2 -18604 399.185
14087.7 -18604.3 405.657
13917.8 -18560.3 415.862
14011.3 -18582.6 397.943
47839.8 -26273.4 486.109
47365.8 -22781.1 403.122
47164.6 -13670.5 440.508
47367.2 -19765.7 418.707
47302.9 -19320.1 415.736
47225.9 -15933.6 420.239
46715.7 3166.97 439.77
46742.1 -454.577 416.598
46690 525.546 417.11
46953.5 -3472.67 408.627
47092.7 -10383.8 425.712
47072.7 -7665.05 432.065
46985.3 -6988.67 435.515
46882.1 -4087.6 431.43
46890.3 -5506.58 445.959
47080.2 -11881.3 415.728
47057.2 -8542.15 407.057
46721.6 -1450.14 440.418
47051.4 -10336.7 441.67
46942.7 -6942.7 451.494
46753.3 -2171.83 421.804
47860.1 -26345.2 487.679
47351.8 -23429.5 434.423
47416.5 -23845.4 397.407
47472.9 -25152.3 466.172
47793.5 -26187 484.226
47122.3 -13851.4 438.253
47134.7 -15223.2 447.64
47261.1 -19273.2 430.712
47208.8 -17722.1 438.335
47215.3 -17271.7 424.411
47291.5 -18624.2 443.745
47314 -21263.4 431.436
47330.3 -22523.7 423.925
47183.7 -21019 405.508
47295.4 -23167.1 446.126
47295.2 -24041 431.389
46564.4 -26260.2 450.85
47253 -23994.9 414.672
47253.1 -25329.5 411.168
47088.2 -19686.8 391.135
47197.2 -21266.7 386.196
46779 -5338.49 383.392
46779.8 -5575.59 398.173
46760.2 -6250.59 371.485
46914.4 -11978.2 417.82
46873 -12646.5 392.458
46817.2 -8107.7 398.225
46828.2 -10145.5 381.334
46824.5 -11495.9 379.509
46872 -11931.8 402.675
47152.8 -14335.2 434.441
46956.7 -13984 384.393
47026.3 -15632.4 387.198
47081.9 -16044.8 385.137
47044.7 -16985.8 385.156
47096.7 -19022.8 388.339
45379.5 -26325.2 497.622
45058.8 -26356.3 391.734
46071.6 -26322.6 331.449
9557.03 -27182.2 404.361
4474.28 -26886.9 468.973
6260.83 -27070.6 413.255
5979.32 -27242.7 416.363
6713.5 -27280.7 405.629
4112.32 -28152.5 423.161
14737.2 -27408.8 474.369
19416.3 -27004.8 439.677
16796.7 -26961.3 390.338
17266.5 -26915.9 397.792
30019.5 -26665.5 393.041
26409.3 -26741 396.798
27875.9 -26756.6 426.937
27155.8 -26702.8 394.222
23654 -26835.5 424.37
20936.9 -26918.1 388.745
25441.6 -26799 410.592
22060.8 -26894.2 410.887
21301.4 -26811.2 408.659
24855.4 -26729.7 440.954
20067.5 -26925 439.492
22024.8 -26760.7 433.685
24619.2 -26753.9 408.8
47427.5 -26795.3 435.339
46995.6 -26640.2 479.494
47293.5 -26825.5 453.686
45550.8 -26361.6 445.762
41334.9 -26492.7 431.94
43452 -26507.2 431.826
44133.8 -26401.8 469.449
42245.5 -26500 427.28
41595.3 -26448.4 445.761
43498 -26465.2 448.878
44742.6 -26457.5 521.792
39306.2 -26551.6 453.308
41381.4 -26451.4 449.739
41977 -26526.7 406.769
32089.7 -26731.2 402.967
33404.4 -26762.7 390.661
38611.4 -26497.7 450.997
34980.8 -26708.8 414.752
36783.6 -26594 387.577
33597.5 -26752.2 393.156
31407.5 -26702.4 384.601
29294.4 -26692.9 408.769
30749.7 -26736.5 405.086
36902.6 -26469 403.942
40038.5 -26491 447.248
38658.1 -26456.9 469.208
37996.6 -26496.8 441.755
36658 -26474.8 420.261
36023.1 -26430.6 439.347
33832.7 -26526.3 424.952
32736 -26717.1 392.299
32468.6 -26525 434.708
29023.2 -26525.3 444.852
30403.9 -26518.6 455.65
28316.4 -26563.6 433.267
43455.8 -26467.9 362.007
43067.4 -26429.5 412.617
34718.9 -26456.4 437.922
32033.2 -26478.4 424.997
36237.8 -26425.6 405.126
42024.9 -26486.3 422.411
39352 -26509.7 471.5
16558.4 -26961.3 403.812
15014.4 -27385.5 439.382
26396.9 -26606.2 441.037
21347.6 -26768.4 423.306
22997.2 -26816.6 416.249
21570.4 -26787.2 421.98
17971.1 -27010.4 420.165
19956.7 -26718 395.209
19281.8 -26694.4 438.14
17498.8 -26932.8 383.725
16683.5 -26817.8 423.439
15437 -26815.7 454.608
17302.1 -26772.4 411.832
17939.7 -26696.4 449.273
20864.8 -26703.9 425.913
19487.9 -26685.9 414.664
28057.8 -26539.6 401.066
26123.5 -26640.4 466.824
25487 -26755.2 424.355
23472.2 -26763.2 448.523
22750 -26825.1 421.057
18607.8 -26744.2 420.265
20645.9 -26695.2 440
16884.1 -26800.5 395.488
18145.5 -26694.7 426.953
14076.5 -26929.1 452.778
15097.3 -25296.7 410.926
14717.9 -25812.2 451.62
15028.6 -24722.9 402.914
14530.5 398.943 421.95
14382.3 -9295.44 457.477
14591.3 -6110.92 438.828
14601.8 -5905.32 442.65
14609.9 -4918.19 441.893
14521.5 -8000.15 443.56
12855.8 -26910.8 443.941
14619.5 -24926.4 417.99
13355.1 -26857.6 367.736
14541.4 -22320.6 426.411
14505.8 -13239.8 421.822
14535.1 -17071.1 437.465
14495 -12996.3 447.015
14632.4 -17812.1 467.667
13917.8 -18560.3 415.862
14568.3 -14416.2 453.723
14546.7 -11353.7 483.883
14980.5 -23265.4 380.823
14966.7 -22806.9 405.833
14613.5 -15138.8 443.108
14619.4 -16670 445.989
14942.6 -23431.7 414.837
14718 -24537.3 443.443
14841.6 -18203.2 433.695
14581.9 -13494.2 413.361
14742.8 6515.05 412.12
14588.8 -5699.19 401.756
14332.7 -18495.8 391.956
14552.1 2527.26 434.254
12306.1 -18501.8 380.936
14578.9 -16401.1 453.622
14517.3 -15729.4 441.324
13600 -18605.1 399.782
14558.7 -13666.8 434.565
14485.4 -11753.4 426.982
14529.9 -6530.04 439.298
14562.2 -7161.85 445.665
14387.6 -9083.79 447.939
14961.1 -22595.8 407.371
14952.5 -18221.7 474.452
14861.6 -20014.7 428.633
14931.1 -21464.1 421.882
14423.9 -9341.86 474.672
14539.7 -11137.7 464.335
14536.3 -13043 464.289
14601.2 -13949.3 438.438
14584.3 -12415.5 464.757
14620.6 -16446.7 472.417
14822.7 -20580.4 412.945
14633.7 -20020.9 441.91
14885.3 -21212.9 435.059
14829.2 -20785.7 412.911
14825.9 -18770.8 460.631
14607.4 -15353.6 428.495
14575.4 -17118.5 455.028
14580.9 -7819.14 462.155
14581 -8704.15 457.942
14583.5 -8480.83 463.834
14563.3 -8046.89 459.295
14499.4 -10470.8 457
14538.2 -7773.8 444.714
14495.2 -10702.2 442.659
14498.2 -11091.5 446.304
14564.5 -7363.39 443.237
14526.4 -6752.67 425.54
14619.7 5468.47 430.951
14496.4 2360.58 407.352
14567.4 4809.55 413.172
14576.8 3224.81 441.216
14522.6 1210.09 438.303
14480.4 1256.67 423.117
14475.3 -3939.15 512.083
14566.9 -4872.27 426.805
14490 -4155.59 513.213
14484.8 -1530.28 442.95
14519.4 -672.351 444.436
14528.4 -878.143 455.277
14523.8 622.254 439.583
14475.3 -2823.27 446.661
14567.3 577.465 456.364
14633.7 -6157.43 453.745
14571.8 -6576.3 456.155
14527.6 -1575.74 459.625
14517 -3984.7 531.215
14611.2 -5353.36 439.443
14620.9 -5556.69 427.923
17082.6 10899.3 491.233
17133.7 10930.7 515.352
17221.5 10933.3 498.416
17370.5 11034.2 491.886
17374 11248.3 476.975
17337.5 11022.3 500.151
17029.3 11593.9 465.717
16966.3 11599.1 472.426
16827.3 11061.5 485.373
15949.9 11206 465.692
16318.5 11242.9 463.89
15789.9 11300.3 465.573
15027.3 11313.2 482.73
15333.9 11311.8 471.661
16791 11570.2 451.469
16908.6 11613.1 459.877
16734 11509.3 458.991
14871 11426.4 454.752
11496.8 13422.3 470.441
13459.2 11369.1 470.165
14393.7 11398.5 457.306
14703.7 11446.4 446.404
14242.3 11388.5 462.144
13826.1 11397.6 439.533
12129.3 15379.3 470.762
12114.7 15313.3 482.129
16848.7 11597 452.77
11642.7 14381.5 501.1
12071.8 15238.2 488.493
12012.6 15168.7 494.163
9563.72 16112.1 470.415
10636.3 15644.9 458.889
9846.08 15948.9 474.031
9702.66 16057.5 492.464
9776.69 16010.4 485.93
11949.5 15117.2 492.032
11839.4 15050.5 492.233
11081.3 15552.7 459.96
11670.2 14863.5 477.196
11787.3 15006.1 489.507
11549.1 15552 459.776
12009 15433.6 479.627
12112.3 15415.8 466.55
9564.9 16025.2 483.936
11492.7 13912.2 456.177
9371.68 14985 460.995
13090.8 11283.8 468.72
11776.6 11515.9 440.581
11290.5 12302.4 492.954
11453.4 13260.1 474.259
13513.7 11356.4 469.536
15068.9 10868.4 460.649
13592.1 11356.7 460.805
12610.3 11414.8 436.918
16249.2 11144.5 451.677
15149.3 11242.1 482.167
14984.3 11306.3 483.268
15153.6 10764.8 453.813
14992.7 10985.1 460.214
12732.1 11387.8 444.36
13403.8 11365.2 467.856
10163.1 15680.4 452.234
6813.82 -27158.3 389.699
6627.19 -27120.1 338.115
6432.98 -27102.1 372.39
6211.39 -27109.7 398.759
6021.65 -27137 373.464
5840.9 -27162.7 377.736
5665.26 -27172.9 392.067
5509.14 -27144.7 367.115
5350.48 -27116.9 358.022
5207.03 -27106.6 408.248
5071.22 -27115 421.545
4961.78 -27174.1 399.508
4872.25 -27208.4 405.144
3740.05 -27488.7 412.406
3720.59 -27416.6 410.527
3723.25 -27351.9 411.601
7000.5 -27167.9 405.042
3771.28 -27542.3 417.313
7398.58 -27139.9 396.337
7200.45 -27160.9 377.443
3914.11 -27291 431.922
1521.04 -31980.5 432.557
1556.6 -31919.5 427.84
1613.7 -31893.7 430.735
1755.05 -31921.5 430.151
1870.24 -31952.7 434.679
2009.76 -31961.3 411.9
2163.66 -31954.8 407.824
2325.95 -31939.6 435.325
2477.14 -31953.2 417.773
2757.89 -31994.5 401.077
2888.31 -32004.5 410.488
4429.48 -31732 468.099
4371.22 -31772 498.165
4145.42 -31748.7 449.839
4010.05 -31758.2 458.212
3873.05 -31775.6 463.205
3732.92 -31827 444.521
4442.54 -31673.8 458.716
4272.98 -31767.1 488.449
2617.6 -31985.2 370.445
3006.99 -31991.2 396.706
1677.17 -31893 425.219
4410.68 -31577.8 452.784
3759.29 -27309.4 415.673
3816.91 -27291.6 428.283
3117.93 -31985.1 404.351
7608.14 -27139.3 399.935
4042.78 -27275.1 418.069
8913.08 -27143 396.993
8689.26 -27167.5 393.173
8471.27 -27196.7 387.74
8251.16 -27193.5 416.774
8038.32 -27184.3 412.129
7820.94 -27147.2 365.825
5010.55 -27226.4 421.853
5250.96 -27234.4 449.888
5497.6 -27234.6 409.868
4775.03 -27203.6 416.508
4205.13 -27242.8 408.454
4391.77 -27220.3 438.781
4587.12 -27200.1 452.811
4352.73 -31460.1 443.072
1649.74 -32369.8 428.142
1869.75 -32525.7 427.241
1780.9 -32469.4 423.544
1950.74 -32562.1 430.515
3813.48 -32408.9 440.878
3745.89 -32440.3 437.352
4371.22 -31772 498.165
2054.07 -32571.8 426.604
2163.71 -32548.6 429.293
3635.12 -32427.2 443.607
3819.81 -32134.3 474.271
3510.59 -32363.7 445.647
2269.41 -32482.7 442.463
2357.9 -32393.3 454.2
3277.9 -32153.8 452.692
3992.96 -29247.9 420.436
4006.42 -29514.5 396.706
4028.11 -30587.7 433.998
3947.03 -30170.2 407.82
4352.73 -31460.1 443.072
2278.27 -31978.9 454.361
2454.66 -32295.1 451.631
2763.36 -32006.2 434.049
3873.05 -31775.6 463.205
3179.87 -32065.6 452.464
3732.92 -31827 444.521
3858.85 -31076.8 426.798
3888.15 -31670.5 446.617
3988.64 -31024.4 425.785
4410.68 -31577.8 452.784
4442.54 -31673.8 458.716
1509.54 -31959.2 447.655
1481.31 -32027.8 451.62
3948.73 -28884.6 431.504
1613.7 -31893.7 430.735
1562.56 -31928.1 450.137
1546.74 -32253.5 441.911
1486.79 -32130.3 452.896
1819.55 -31987.1 455.458
3888.9 -29602.6 382.32
3869.73 -29801.7 386.183
3967.12 -29465.2 411.05
3930.55 -29650 396.459
3930.39 -30259.3 405.29
3950.78 -29201.3 405.231
3888.32 -30212.4 390.616
3829.39 -30822.6 398.168
3881.93 -30408.7 401.518
3911.43 -29849.4 399.242
3923.5 -30456.1 415.863
3817.42 -31029.6 411.482
2325.95 -31939.6 435.325
3872.25 -30003 368.223
2009.76 -31961.3 411.9
2874.6 -31968.4 410.555
3923.05 -30020 400.335
2477.14 -31953.2 417.773
3847.39 -31623.5 428.991
14692 -27367 454.507
4335.67 -31820.3 473.935
1486.79 -32130.3 452.896
1624.24 -31924.8 444.394
1677.17 -31893 425.219
1560.98 -32193 424.021
13182.8 -18561.6 384.419
3382.65 -16123.4 493.503
46639.4 3845.16 468.625
12886.2 -18522.3 391.163
13032.7 -18524.7 401.709
14076.5 -26929.1 452.778
2947.17 -381.924 464.167
3139.43 -16586 426.824
3281.26 -16243.6 460.749
3327.7 -12088.8 414.539
3281.28 -499.054 463.432
3341.8 -5586.07 427.494
-689.642 -30.8724 443.039
-639.859 -117.84 444.537
-733.336 -74.4748 462.29
-7.62284 382.987 435.843
46103.8 3579.61 450.664
47860.1 -26345.2 487.679
11609.7 14432.2 478.413
15034.7 11340.3 461.357
10961.6 11342.8 496.524
14559.8 5035.26 409.909
14332.7 -18495.8 391.956
13136.2 -18604 399.185
14444.2 -18343.1 422.621
46707.4 -172.185 425.997
47055.3 -11052.7 439.06
45596.6 -26319.9 464.675
14992.1 -26822 362.407
46812.3 -6841.46 395.442
46779.8 -5575.59 398.173
46925.1 -4556.65 415.44
47510.4 -25852.2 413.969
45550.8 -26361.6 445.762
14737.2 -27408.8 474.369
47531.6 -25875.5 434.604
46894.2 -26490.2 434.544
44695.8 -26495.2 497.978
44742.6 -26457.5 521.792
47354.9 -21080.5 384.42
32884.3 -26540.7 394.141
47311.1 -23382.4 452.025
43675.7 -26444 413.356
47367.2 -19765.7 418.707
47260.6 -18844 384.458
47201 -17476.2 379.311
47170.9 -15445 417.26
47126.4 -12928.5 429.572
14209.2 -18610.8 409.44
15354.3 -26862.5 434.345
22553 -26817.2 368.54
28752.9 -26586.2 398.792
29580 -26629.1 363.087
23870.2 -26765.9 366.465
47376.2 -23796.4 409.997
2357.9 -32393.3 454.2
3221.21 -16232.2 481.847
3153.06 -16297.9 482.108
3161.62 -16353.4 457.549
11541.9 -17856.1 471.712
14616.6 -20199.6 396.299
14962.2 -18317 452.356
11591.9 -17890.9 449.842
14660.3 -23234.9 457.271
12129.8 -18530.7 417.865
14514.3 -1952.63 426.942
14489.5 -470.511 416.72
15400.9 -26822.6 454.854
14593.1 -14910.4 410.621
15237.5 -26785.3 457.315
6803.73 10859.2 459.396
3586.83 11254 448.529
3633.32 11265.8 457.58
10585.5 15608.3 442.742
10936.1 11397.6 473.562
11422.7 13313.5 454.401
14994.2 11281.8 444.782
