-5925.03 -13266.6 466.508
-6228.91 -13190.3 455.278
-6004.88 -13270.4 461.439
-5904.9 -13249.3 477.76
-6091.41 -13261.9 458.606
-5336.54 -11190.3 458.548
-5386.87 -12096.6 473.028
-5847.84 -13045.7 452.636
-5393.23 -11753.2 447.139
-5909.37 -10443.4 454.355
-5505.49 -12211.4 470.023
-6112.03 -12389.7 445.606
-5482.14 -12180.6 475.481
-5404.04 -11908.9 434.712
-6151.15 -12433.4 454.76
-6147.62 -13250.8 455.639
-5851.18 -13118.4 456.757
-13989.6 -11784.4 458.978
-11154.8 -12669.6 487.623
-11132 -12735 489.602
-6396.6 -12882.5 466.037
-6365.75 -12628.4 461.937
-9321.43 -12507.1 490.623
-11165.7 -12566.1 489.775
-11160.4 -12504.4 483.326
-9327.87 -12447.9 489.205
-8938.27 -9423.76 501.629
-10612.1 -10217.4 498.394
-10726.2 -12918.8 467.964
-10873.2 -9145 415.275
-14662.1 -8866.91 459.302
-14735 -8940.14 473.229
-16964.4 -8675.98 412.133
-14692.7 -8892.1 464.651
-16566.6 -8730.07 427.357
-16369.4 -8777.02 432.74
-15822.3 -8877.93 411.274
-15993.7 -8859.3 446.774
-17981.9 -8570.13 411.352
-17544.3 -8638.47 440.971
-17761 -8603.9 422.245
-18415.6 -8544.58 420.485
-14778.5 -8976.85 462.698
-17175.9 -8680.32 415.622
-16571.3 -8721.22 416.158
-17748.3 -8612.89 436.463
-14548.6 -8810.33 478.961
-15493.3 -8890.92 427.62
-15329 -8920.98 415.432
-15165.1 -8967.07 416.434
-14908.3 -9013.79 433.006
-14908.3 -9052.96 453.544
-17360.7 -8663.37 456.503
-16768.8 -8692.08 445.72
-16813.9 -8682.34 462.053
-17060.7 -8651.96 445.947
-16178.7 -8822.09 456.005
-14958.6 -9010.12 438.609
-15408.3 -8923.25 480.841
-15621.2 -8875.32 454.705
-22882.3 -8795.25 423.818
-27006.2 -11163.5 459.271
-26897.2 -10759.5 450.778
-25238 -11116.1 468.604
-19370.1 -11768.2 427.659
-23794.4 -9768.29 439.056
-21711 -8112.96 447.1
-26996.8 -11238.9 471.143
